0 -1.89815099351632 0.95107237642853
13.23 -1.83643664813721 0.914336074349233
26.46 -1.77579275136145 0.878319988982255
39.69 -1.71621930318906 0.843025916748329
52.92 -1.65771630362002 0.80845584638709
66.15 -1.60028375265434 0.774611984205759
79.38 -1.54392165029202 0.741496783217763
92.61 -1.48862999653306 0.709112976847316
105.84 -1.43440879137746 0.677463618002672
119.07 -1.38125803482522 0.646552124471172
132.3 -1.32917772687633 0.616382331767041
145.53 -1.2781678675308 0.586958554771717
158.76 -1.22822845678863 0.558285659749139
171.99 -1.17935949464982 0.530369148596259
185.22 -1.13156098111437 0.503215257499839
198.45 -1.08483291618228 0.476831072506092
211.68 -1.03917529985355 0.45122466485058
224.91 -0.994588132128169 0.426405249203971
238.14 -0.951071413006152 0.40238336819631
251.37 -0.908625142487493 0.379171106569689
264.6 -0.867249320572192 0.356782337879929
277.83 -0.82694394726025 0.335233005503046
291.06 -0.787709022551667 0.314541437300129
304.29 -0.749544546446442 0.29472868888756
317.52 -0.712450518944575 0.275818902917451
330.75 -0.676426940046067 0.257839659512417
343.98 -0.641473809750917 0.240822273969387
357.21 -0.607591128059127 0.22480196974656
370.44 -0.574778894970694 0.209817815752245
383.67 -0.54303711048562 0.195912267438605
396.9 -0.512365774603905 0.183130097013377
410.13 -0.482764887325548 0.171516455571581
423.36 -0.454234448650549 0.161113811431473
436.59 -0.42677445857891 0.151957603676663
449.82 -0.400384917110628 0.144070690727429
463.05 -0.375065824245706 0.137457079099464
476.28 -0.350817179984141 0.132095912955282
489.51 -0.327638984325935 0.127937086401399
502.74 -0.305531237271088 0.124899831132084
515.97 -0.284493938819599 0.122875064452137
529.2 -0.264527088971469 0.121731291861434
542.43 -0.245630687726697 0.121322876875814
555.66 -0.227804735085284 0.121498978261202
568.89 -0.211049231047229 0.122111583140649
582.12 -0.195364175612532 0.123021646093302
595.35 -0.180749568781195 0.124103029788427
608.58 -0.167205410553215 0.125244461635148
621.81 -0.154731700928595 0.126349981926056
635.04 -0.143328439907332 0.127338406174452
648.27 -0.132995627489429 0.12814224988291
661.5 -0.123733263674883 0.128706447519915
674.73 -0.115541348463697 0.128987086534438
687.96 -0.108419881855868 0.128950291505122
701.19 -0.102368863851399 0.128571336088559
714.42 -0.0973882944502875 0.127834027124726
727.65 -0.0934781736525349 0.126730390124845
740.88 -0.0906385014581407 0.125260683093546
754.11 -0.088869277867105 0.12343377213662
767.34 -0.0881705028794279 0.121267914345403
780.57 -0.0885421764951093 0.118792007665644
793.8 -0.0899842987141491 0.116047378703573
807.03 -0.0924968695365475 0.113090178061725
820.26 -0.0960798889623044 0.109994420486951
833.49 -0.10073335699142 0.106855611056176
846.72 -0.106457273623894 0.103794686733245
859.95 -0.113251638859726 0.10096160876681
873.18 -0.121116452698917 0.0985373234262395
886.41 -0.130051715141467 0.0967320551836542
899.64 -0.140057426187375 0.0957774112823312
912.87 -0.151133585836641 0.095910392603735
926.1 -0.163280194089266 0.0973500017095307
939.33 -0.176497250945249 0.100271415654664
952.56 -0.190784727208723 0.104786045360428
965.79 -0.204710295491083 0.110275215090323
979.02 -0.216867291571721 0.115750620043933
992.25 -0.227255715450636 0.120819881757898
1005.48 -0.23587556712783 0.125216672619271
1018.71 -0.242726846603301 0.128766057721068
1031.94 -0.247809553877051 0.131359690267132
1045.17 -0.251123688949079 0.132939846713241
1058.4 -0.252669251819385 0.133490360996473
1071.63 -0.252446242487969 0.13303294036038
1084.86 -0.250454660954831 0.131628022252082
1098.09 -0.246694507219971 0.129379935835328
1111.32 -0.241165781283389 0.126446546897896
1124.55 -0.233868483145085 0.123053610019159
1137.78 -0.22480261280506 0.119513273104736
1151.01 -0.213968170263312 0.116243676541181
1164.24 -0.201365155519842 0.113781229863263
1177.47 -0.186993568574651 0.112769308761803
1190.7 -0.170853409427737 0.1139030480581
1203.93 -0.152944678079102 0.117824001203491
1217.16 -0.133267374528744 0.124997414792147
1230.39 -0.111821498776665 0.135637173271109
1243.62 -0.0886070508228639 0.149719820423595
1256.85 -0.0636240306673407 0.167064839253278
1270.08 -0.0368724383100955 0.187425213785795
1283.31 -0.00835227375112835 0.210551264025154
1296.54 0.0219364630095607 0.236222333974342
1309.77 0.0539937719719717 0.264256385345925
1323 0.0878196531361047 0.294508454589984
